154.07698 215.63716 215.63554 154.07536 26.612747 26.615242 66.81171 66.80921 तुम
154.30661 282.125 282.1232 154.30482 63.795753 63.80175 101.94755 101.94155 समझते
384.90952 463.50925 471.952 393.35226 159.6112 141.82953 179.14877 196.93045 ऐसी
265.28674 318.78918 316.17407 262.67163 263.8876 276.94724 287.66068 274.60104 पर
346.94586 402.34113 402.3401 346.94482 8.113663 8.115967 33.258728 33.256424 लोग
347.08115 389.35812 389.35727 347.0803 48.936012 48.93802 67.0208 67.01879 उस
347.16974 431.6471 431.6457 347.16833 75.65491 75.659424 101.75519 101.75067 खँडहर
450.98926 489.2129 489.21155 450.9879 75.659996 75.66201 100.75492 100.75291 की
508.5854 569.8888 569.889 508.5856 82.69445 82.693825 100.756615 100.75724 तरफ
105.665924 148.13234 148.13055 105.66414 56.76207 56.764008 95.92067 95.91873 रहे
